10083
10084
10087
10109
10226
10433
10505
10506
10746
10844
10935
11036
11095
11376
11499
11931
11973
12068
12479
12627
13222
13324
14012
14290
14535
17115
17330
17634
17967
18005
19253
19856
20173
20254
22942
28382
29721
29950
35460
35616
36363
38873
42274
45991
49109
49563
49682
50114
52722
52989
62339
62365
63355
68174
69314
70155
70526
70569
78111
78685
78761
79437
79484
82191
82556
84450
89903
90175
90399
90439
90440
90503
90504
90513
90514
90518
90535
90551
90564
90565
90770
90886
93172
94360
96418
96459
96461
96507
96540
96624
96627
96721
96743
96807
97720
98190
98232
98277
101192
101193
101194
101195
101197
101198
101199
101200
101201
101208
101211
101212
